X_0: 2,3
X_1: 9,5
X_2: 9.445860e+00,4.439490e+00
X_3: 8.457384e+00,5.568374e+00
X_4: 8.537652e+00,5.595157e+00
X_5: 9.134429e+00,5.597133e+00
X_6: 9.000312e+00,5.905765e+00
X_7: 8.933020e+00,5.970893e+00
X_8: 8.997779e+00,5.997706e+00
X_9: 9.000968e+00,5.997661e+00
X_10: 9.000000e+00,5.999979e+00
X_11: 8.999985e+00,5.999994e+00
X_12: 9.000000e+00,6.000000e+00
X_13: 9.000000e+00,6.000000e+00
X_14: 9.000000e+00,6.000000e+00
X_15: 9.000000e+00,6.000000e+00
X_16: 9,6.000000e+00
X_17: 9,6.000000e+00
X_18: 9.000000e+00,6.000000e+00
X_19: 9,6.000000e+00
X_20: 9,6.000000e+00
